244674112516522465738029422947 9220586924975792447399238336
294052032795032119002065272151842514833 11802821329677492447391363817214374153
294051972796159218999104272325932248502 10463021329677492447391363817214374153
12171947613180388254095358942915503353860609158503 125141910011931010407111228844225792592418426046729525315898602
10965931612105475341125130471105893956567591218959872504238825467 42396933492159589397631590851298312465471363028229613135325026
1302311611365754880754464227361208898821827 42396972961171313606425744755194766323694
84674485128576126019826422739144719882182766725506566857552035113707268803659 423969755192083643002307203322462342593024419824315839610417724680634083829
**example.example.example** **DO.NOT.REMOVE.THIS.LINE**
585476251398471176691865968272460895870445 28060053492159295742571300024689162821688
1058240951505968491598950345881744346133508 293200639389854602231407865824670925138166
294051932795084318981240272412982664254 12514131329677492447391363817214374153
294051972796159218999104272325932827814 13252911329677492447391363817214374153